1
13 13

27 11 24 10 53 11 99 11 22 10 55 32 56
27 11 10 31 10 11 10 11 11 11 31 11 10
10 11 57 11 52 11 10 11 10 52 10 11 24
54 31 10 11 10 57 10 10 27 11 10 11 25
24 11 10 52 27 11 11 31 11 11 53 11 28
11 11 11 11 51 24 27 53 10 11 10 31 55
21 11 25 11 11 52 10 11 10 57 27 11 11
10 57 10 27 11 31 11 11 11 11 10 31 56
28 11 11 11 10 27 10 51 10 10 52 11 24
10 52 10 10 51 11 28 11 11 11 11 11 25
57 11 52 11 11 11 10 10 21 51 10 32 10
10 11 10 11 27 11 10 11 11 11 27 11 57
24 11 10 27 10 11 10 11 21 51 10 11 27

1 1 0 75 200

6
51 50 7 3 0
52 70 11 1 0
53 45 5 5 1
54 80 10 5 0
55 100 17 2 0
99 50 20 12 0

470 9 4 0 1 6
